  1.26480046e-01  6.52561094e-01 -2.67116352e+00  7.75864200e-02
  2.16478302e+00  1.13242612e+00  3.12969455e-02  1.26749640e-01
 -3.04803944e+00 -1.16069456e+00  2.39360131e+00 -1.16591413e+00
 -1.54303576e+00  7.81204477e-01  4.79265935e-01  2.01112647e+00
 -2.29056740e+00  3.57324433e+00 -6.42872367e-01 -2.14945079e+00
  2.42642530e+00  1.78704298e+00 -1.47403988e+00  4.89614789e-01
  1.00943239e+00 -3.81015483e-01  2.57574757e+00 -4.23429745e-01
 -9.58722107e-01 -1.30511359e+00  1.98373424e+00  2.70393779e+00
 -1.81547149e+00 -1.48713883e+00 -6.37867059e-02 -1.82741646e+00
  1.21693920e-01 -2.61620366e+00  1.16200010e+00  1.51565542e-01
  2.51842220e+00 -8.90183280e-01 -2.32675082e-02 -8.22788798e-01
  5.77186052e-02  9.77348640e-01  6.13552669e-01  1.10167330e+00
 -1.75360003e+00  3.13514669e+00 -2.43299883e+00  1.38317453e+00
  1.56192037e+00 -8.79243011e-01  3.05278666e+00 -1.42862332e+00
 -5.42033375e-01 -1.75048651e-01  3.38357739e+00 -1.89801414e-01
 -6.52480364e-02 -1.23289996e+00  6.00241800e-01  3.41672555e+00
 -3.65534342e-01  2.70485847e+00  5.33309104e-01 -3.03396355e+00
  3.02132591e+00 -1.47999960e+00  6.30626899e-01 -1.11671426e+00
 -2.39973072e+00  2.26283274e+00 -2.08661067e+00  2.49720424e+00
  1.73428045e+00  1.86243971e-01 -1.52657258e+00 -1.17083732e+00
 -4.07765010e-01  1.85405459e-02 -2.21743888e-01  1.13898669e+00
  1.10573325e+00  6.47885150e-01 -1.81731492e+00  2.51350454e+00
  1.36781871e+00 -1.04184075e+00  2.34765643e+00 -5.26810513e-01
  8.85577691e-01  4.03887908e-01  1.10771956e+00  2.86543902e+00
  1.41662680e+00 -2.34516714e+00 -8.69854496e-01  5.86628710e-01
  8.87879146e-01  2.30259641e+00  8.14459244e-01 -1.14814237e+00
 -1.33518765e+00 -2.83657267e+00  9.75226109e-01  2.34020403e+00
  1.65661145e+00 -1.45840064e+00  2.88633535e+00 -2.02582698e+00
  6.55706641e-01  2.16837731e+00  1.18936491e+00  2.78052379e+00
  1.16021972e+00  1.92188277e+00 -1.42658790e+00  1.81993330e+00
  3.01653032e+00  1.39669095e+00 -9.31131065e-01 -5.46804147e-01
  1.78423261e+00 -1.03166579e+00 -7.81581763e-01  1.52824367e+00
  1.49768990e+00  2.18249509e+00 -2.73465896e+00  3.17954737e-01
  2.49831983e+00 -2.54798864e+00 -2.28786362e+00  1.54454444e+00
  1.65395727e+00 -2.04293365e-01  1.22147683e+00  2.63285849e-01
  2.97877678e+00 -2.26467879e+00 -2.50910789e+00  1.35504725e-01
  1.23854878e-02 -2.28490103e+00  9.13794729e-01 -1.40871584e-02
 -7.70776742e-01  2.48379315e+00 -4.07040339e-03 -2.52468836e+00
 -2.30225295e+00  4.04664710e-01  3.20412772e-01  1.39233270e+00
 -1.55440780e+00 -4.03979104e-01  8.11028396e-01  1.45106192e+00
 -1.63191818e+00 -6.62563172e-01 -5.35067546e-01  1.57774990e-01
  2.86484168e+00  2.28756516e+00  1.77548195e+00 -3.02247045e+00
  1.79028361e+00  2.77349067e+00 -9.71283065e-01  1.28261526e+00
  5.90271540e-01  1.16635296e+00  1.24094397e+00 -1.04958980e+00
  7.06104788e-01  2.40342777e+00  2.72334066e+00  1.19133526e+00
  1.68537490e-02  5.50674396e-01  7.03184102e-01  2.49762294e-02
  3.25123931e+00 -2.75643770e+00  1.27452838e-02  2.09149394e+00
  9.46318111e-01 -2.29723664e+00  1.19963190e+00  2.45657793e+00
  2.59212604e+00  2.57521676e+00  6.01304345e-01 -7.94104838e-01
  1.68754161e-01 -3.13927588e+00 -1.84574626e+00  7.57541985e-01
  3.19599068e+00  1.16332029e+00  1.32641993e+00 -2.46405902e+00
 -8.86529184e-01  8.98038232e-01  2.64283705e+00 -2.03717054e+00
  1.49904029e+00  3.02977804e-01 -5.63857697e-01  9.24795640e-01
 -1.86171350e-01 -1.17302223e+00 -5.85791226e-01  1.02031549e+00
  1.31119448e+00 -2.02465009e+00  1.34477424e+00 -2.37564657e+00
 -5.52598527e-01 -2.59459561e+00 -1.48993223e+00 -1.41955860e+00
 -5.56893365e-01  3.80211854e-02  2.53009197e+00  1.74272930e+00
 -3.33890851e+00 -2.47862004e+00 -1.81948748e+00 -8.91593722e-01
 -8.02345273e-02 -9.07147170e-01  1.96231742e-01  1.80975862e+00
 -1.81431392e+00  8.37346927e-01  2.29652886e+00  1.83931133e+00
  3.16608244e-03  1.76592084e+00  1.23927517e+00  2.95226824e+00
  4.23083254e-01 -1.47014189e+00  1.34132984e+00  2.21266414e+00
  1.92475649e+00 -1.09572651e+00  1.18351607e-01  3.67720538e-01
  9.24299679e-01  6.19983411e-01  1.63739236e+00 -2.67773262e+00
 -1.29074832e+00 -6.73217924e-01 -3.14432931e+00 -6.17600622e-01
  3.97238113e-01 -1.25125024e+00  1.55600204e+00  4.66933681e-01
 -9.86740497e-01  2.09936656e+00 -2.33555089e+00  1.89642446e+00
 -3.21299449e+00  6.65133350e-01  9.19156283e-01 -6.70109418e-01
  2.21549203e-01  7.97758560e-01 -2.03020680e+00 -1.11108310e-02
  8.20022436e-01  2.01920769e+00  2.76913095e+00 -8.80241001e-01
  2.94510800e+00  1.24987415e+00 -4.07931452e-01  8.01030061e-01
  7.09685429e-01  1.55919548e+00 -8.44279692e-01  9.86443912e-01