  1.23654748e-01  6.68968573e-01 -2.63327279e+00  7.71026718e-02
  2.22064223e+00  1.15731200e+00  3.19354895e-02  6.02890927e-02
 -3.03003394e+00 -1.14223681e+00  2.38647485e+00 -1.13399043e+00
 -1.60303003e+00  7.91875521e-01  4.88439023e-01  2.00611155e+00
 -2.30392120e+00  3.56139653e+00 -6.22464430e-01 -2.19131610e+00
  2.43257474e+00  1.74265548e+00 -1.44597896e+00  4.73790370e-01
  9.95398238e-01 -3.49558755e-01  2.52286509e+00 -3.19113842e-01
 -9.73522177e-01 -1.31019343e+00  1.98351885e+00  2.71344444e+00
 -1.82012268e+00 -1.50232546e+00 -7.52429070e-02 -1.78184340e+00
  1.24190995e-01 -2.62625969e+00  1.16269625e+00  1.51691823e-01
  2.47303307e+00 -9.09257207e-01 -2.37178211e-02 -8.29106943e-01
  4.94423788e-02  9.60014995e-01  6.03320490e-01  1.14515247e+00
 -1.76358256e+00  3.12350185e+00 -2.42666768e+00  1.38122522e+00
  1.56133912e+00 -8.73064151e-01  3.03115495e+00 -1.43699743e+00
 -5.37819351e-01 -1.68768058e-01  3.38034002e+00 -1.69303972e-01
 -7.69444214e-02 -1.22791548e+00  6.12556801e-01  3.49432066e+00
 -3.63835795e-01  2.70539330e+00  5.40124812e-01 -3.06889116e+00
  3.02104166e+00 -1.46864164e+00  6.32282387e-01 -1.11818342e+00
 -2.36151929e+00  2.27572600e+00 -2.05193733e+00  2.50738064e+00
  1.72706462e+00  1.92711330e-01 -1.60272683e+00 -1.16938720e+00
 -4.32862238e-01  3.09040870e-03 -2.70036002e-01  1.17725954e+00
  1.11127291e+00  6.44573896e-01 -1.81591444e+00  2.51360573e+00
  1.36182323e+00 -1.04051584e+00  2.35060082e+00 -5.17360897e-01
  8.87999999e-01  4.14323391e-01  1.08714759e+00  2.86883238e+00
  1.37232832e+00 -2.34484595e+00 -8.70639260e-01  5.83361739e-01
  8.63137503e-01  2.26540355e+00  8.13663160e-01 -1.16123485e+00
 -1.34424854e+00 -2.82899210e+00  9.87275182e-01  2.35298862e+00
  1.65397433e+00 -1.49346350e+00  2.93851686e+00 -2.07409009e+00
  6.58108395e-01  2.18501804e+00  1.22738358e+00  2.78959103e+00
  1.15518910e+00  1.93533329e+00 -1.42111676e+00  1.82198016e+00
  3.06260705e+00  1.39260726e+00 -9.25664814e-01 -5.48770980e-01
  1.78985756e+00 -1.05036291e+00 -7.33373272e-01  1.54331259e+00
  1.50404749e+00  2.20312440e+00 -2.67767745e+00  3.30642564e-01
  2.49508224e+00 -2.55994075e+00 -2.29211420e+00  1.50350104e+00
  1.65701831e+00 -2.19370274e-01  1.24369577e+00  2.35000826e-01
  2.95858767e+00 -2.28184700e+00 -2.50773141e+00  1.40861137e-01
  1.14613361e-02 -2.26954089e+00  8.58965924e-01 -1.04546602e-02
 -7.57015174e-01  2.48733588e+00 -4.75704146e-03 -2.51543223e+00
 -2.30345062e+00  4.39644395e-01  3.83484716e-01  1.39858723e+00
 -1.55025005e+00 -3.86742335e-01  8.31246863e-01  1.42508332e+00
 -1.62797551e+00 -7.09738927e-01 -5.26782818e-01  2.04584686e-01
  2.86819145e+00  2.29224190e+00  1.77207890e+00 -3.05203094e+00
  1.80483756e+00  2.73911853e+00 -9.62509680e-01  1.23195262e+00
  5.93858641e-01  1.17372920e+00  1.25651885e+00 -1.05821278e+00
  7.13936251e-01  2.42694648e+00  2.73010405e+00  1.19553264e+00
  1.47875133e-02  5.52959375e-01  7.05392583e-01  2.20119576e-02
  3.24392142e+00 -2.77906247e+00  1.04460220e-02  2.08776545e+00
  9.66551153e-01 -2.25865446e+00  1.18662800e+00  2.45493873e+00
  2.63450208e+00  2.56574401e+00  6.13783603e-01 -7.92701184e-01
  1.78993452e-01 -3.18305532e+00 -1.83810474e+00  7.06547244e-01
  3.15644949e+00  1.17895467e+00  1.31300838e+00 -2.47111989e+00
 -8.89818440e-01  9.16504439e-01  2.66810741e+00 -2.04734115e+00
  1.57348326e+00  3.08852702e-01 -5.60978439e-01  9.07324527e-01
 -1.32767186e-01 -1.21159851e+00 -5.86004549e-01  1.02312041e+00
  1.30141064e+00 -2.02540160e+00  1.32098236e+00 -2.37815768e+00
 -5.50524418e-01 -2.56760728e+00 -1.55548781e+00 -1.41243270e+00
 -5.56722474e-01  4.45516685e-02  2.54039041e+00  1.73148466e+00
 -3.34784169e+00 -2.51859060e+00 -1.77859957e+00 -9.97487874e-01
 -5.70658814e-02 -9.10907902e-01  1.38039841e-01  1.75023099e+00
 -8.06069728e-01  8.49664259e-01  2.31152701e+00  1.83102147e+00
  2.22828472e-02  1.76634183e+00  1.22569118e+00  3.01299702e+00
  3.99493250e-01 -1.55962717e+00  1.36042475e+00  2.21228562e+00
  1.92224080e+00 -1.08383157e+00  1.21912878e-01  3.59908528e-01
  9.18914004e-01  6.29247590e-01  1.64845204e+00 -2.68792562e+00
 -1.33831116e+00 -6.60738883e-01 -3.14524552e+00 -5.88002173e-01
  3.91197880e-01 -1.28214960e+00  1.53361377e+00  5.16243346e-01
 -9.76767914e-01  2.12667768e+00 -2.34963133e+00  2.92038786e+00
 -3.21136273e+00  6.10007888e-01  9.45299315e-01 -7.47462450e-01
  1.48959040e-01  8.12565929e-01 -1.03810474e+00 -1.08489041e-02
  8.02379748e-01  2.02270679e+00  2.77502351e+00 -9.24815798e-01
  2.95620811e+00  1.24697408e+00 -3.52618697e-01  8.10425347e-01
  7.13450359e-01  1.56163406e+00 -8.35501851e-01  9.94153927e-01