  0.11391952  0.56181663 -2.6703072   0.08642588  2.11677775  1.06177246
  0.03571344  0.11357237 -3.10045251 -1.17535523  2.41376272 -1.17156308
 -1.41239449  0.79486429  0.38227914  2.14886697 -2.24120171  3.53141869
 -0.7029364  -2.19946818  2.40775237  1.78187415 -1.56456201  0.44157075
  0.96884299 -0.43153623  2.63324953 -0.48735512 -0.87547423 -1.26149325
  2.00231873  2.67683367 -1.91104643 -1.43764805 -0.14534767 -1.80247673
  0.11360443 -2.57516519  1.2208367   0.1527491   2.54675293 -0.81775985
 -0.02303601 -0.76561103  0.11679001  1.07717821  0.65212076  1.09983355
 -1.70842393  3.09144108 -2.46688466  1.41020575  1.56535645 -0.88493384
  3.07400326 -1.48409768 -0.51264363 -0.20873875  3.40297844 -0.21697478
 -0.00491166 -1.19381885  0.59257241  3.30360962 -0.31104979  2.69625428
  0.55507393 -3.06570242  2.98200153 -1.48453955  0.64882708 -1.12721972
 -2.31885738  2.26264472 -2.08736432  2.44524968  1.67483034  0.11575059
 -1.52416718 -1.23155991 -0.4268933   0.10234178 -0.18628801  1.23064721
  1.16894029  0.64924412 -1.71617485  2.5418981   1.3565628  -1.0174279
  2.35229357 -0.52805957  0.80229221  0.40186773  1.1107041   2.96606598
  1.52911635 -2.34892821 -0.88133066  0.56597587  0.88529968  2.28831885
  0.83944977 -1.1617109  -1.32749666 -2.81734863  0.91911567  2.34338317
  1.63847113 -1.44334074  2.87792154 -1.95072238  0.6427634   2.15024775
  1.18545921  2.76773214  1.1609466   1.8530473  -1.42218212  1.84911049
  2.95551734  1.37989747 -0.94291414 -0.55424475  1.88463464 -1.02221596
 -0.87686907  1.46562027  1.48508376  2.17940741 -2.72241937  0.35821914
  2.47014572 -2.55634518 -2.2999995   1.57083655  1.66599407 -0.21610653
  1.16275736  0.3939626   3.02024485 -2.24464971 -2.47740391  0.13638252
  0.01030134 -2.23386462  0.9109993  -0.02761159 -0.77575415  2.46290643
 -0.01033579 -2.48795974 -2.31111264  0.4661942   0.29951944  1.38830294
 -1.57190986 -0.3280479   0.79207681  1.46284298 -1.61371268 -0.60666988
 -0.55644137  0.09894315  2.86177318  2.28117267  1.74994923 -2.97101285
  1.76398072  2.76137001 -0.97521626  1.33371946  0.57346957  1.13989652
  1.19512766 -0.98744566  0.71028247  2.31116522  2.71193467  1.19094766
  0.02718479  0.49761553  0.7025018   0.0262683   3.23862762 -2.74194141
  0.00505979  2.08562654  0.98309633 -2.30040202  1.19135251  2.42894841
  2.49500725  2.6092221   0.5966698  -0.78093839  0.13683504 -3.09481045
 -1.94037624  0.79683548  3.16073376  1.02634805  1.29412413 -2.45388703
 -0.89151867  0.92191926  2.63126169 -2.02039043  1.44398994  0.30638213
 -0.57442927  0.85129129 -0.21546556 -1.11948237 -0.57096732  1.03143662
  1.26402661 -2.02598787  1.36875565 -2.35411896 -0.48318877 -2.63651587
 -1.4666155  -1.4037902  -0.51351536 -0.93969838  0.934717    1.77211498
 -2.8201562  -1.95491469 -1.82493007 -0.36754833 -0.09951287 -0.87374276
  0.25723688  2.29289166 -2.81780765  0.74792455  2.24231489  1.90540843
 -0.04262976  1.80515425  1.19575459  2.94895355  0.41609902 -1.40060733
  1.32265169  2.15309667  1.90571142 -1.09541231  0.11536718  0.40855766
  0.97464196  0.67840199  1.63432156 -2.62638373 -1.33994368 -0.6610926
 -3.12079654 -0.55494732  0.38517161 -1.24825099  1.65051772  0.39907901
 -0.94039427  1.04418083 -2.32148691  0.83795903 -3.19185621 -0.85885993
  1.52737274 -1.64082021  0.83949867 -0.26456688 -1.98734207 -0.06455543
  1.24844699  2.11800839  2.74716846 -2.33710439  1.90403495  1.38606738
 -0.48961822  0.71407424  0.68587849  0.56691506 -0.85728219  0.98116367