 &FCI NORB= 10,NELEC= 10,MS2= 0,
  ORBSYM=1,1,1,1,1,1,1,1,1,1,
  ISYM=1,
 /
  0.5215438329547492E+00   1   1   1   1
 -0.1315524338032994E-01   2   1   1   1
  0.6303715366762358E-02   2   1   2   1
  0.2956968523375671E+00   2   2   1   1
 -0.1315693196847321E-01   2   2   2   1
  0.5215432708621189E+00   2   2   2   2
 -0.1916375325271454E-02   3   1   1   1
 -0.6914105566903649E-04   3   1   2   1
  0.1333201156997604E-02   3   1   2   2
  0.1471472799626123E-03   3   1   3   1
 -0.1091631259317815E-02   3   2   1   1
  0.4204180110007952E-03   3   2   2   1
  0.2398602286817624E-02   3   2   2   2
  0.4148789587438918E-04   3   2   3   1
  0.3575009235233863E-03   3   2   3   2
  0.1736537377582057E+00   3   3   1   1
 -0.3210010727887902E-02   3   3   2   1
  0.1993452924602208E+00   3   3   2   2
 -0.2999619958633808E-02   3   3   3   1
  0.8137236350875630E-03   3   3   3   2
  0.5586965021504143E+00   3   3   3   3
 -0.1895926922840495E-02   4   1   1   1
 -0.5625955799982430E-04   4   1   2   1
 -0.2548383806345418E-03   4   1   2   2
  0.4016706022808039E-04   4   1   3   1
  0.8161727272198607E-05   4   1   3   2
 -0.4348134842713346E-03   4   1   3   3
  0.1895465499150704E-03   4   1   4   1
 -0.1652628678457869E-03   4   2   1   1
 -0.1625297285152543E-04   4   2   2   1
  0.1574526216336613E-02   4   2   2   2
 -0.8054076472734030E-06   4   2   3   1
  0.1059082885617719E-04   4   2   3   2
 -0.9664480767943037E-03   4   2   3   3
  0.6574718079570735E-04   4   2   4   1
  0.5361578769546519E-04   4   2   4   2
  0.1922285817009524E-02   4   3   1   1
 -0.1176989301224575E-03   4   3   2   1
  0.1221585060861077E-02   4   3   2   2
  0.8601540067166462E-04   4   3   3   1
 -0.9463872034737875E-04   4   3   3   2
  0.5971348530600396E-03   4   3   3   3
 -0.4632628071504915E-04   4   3   4   1
 -0.6775938257593533E-04   4   3   4   2
  0.4677735573980434E-03   4   3   4   3
  0.1364221620698025E+00   4   4   1   1
 -0.7405568478869896E-03   4   4   2   1
  0.1192808216773311E+00   4   4   2   2
  0.4102754793217627E-03   4   4   3   1
 -0.1076839608280086E-02   4   4   3   2
  0.1956668106221251E+00   4   4   3   3
 -0.3945714339942837E-02   4   4   4   1
 -0.2399197019497264E-02   4   4   4   2
  0.3114602610419147E-02   4   4   4   3
  0.5167465682460088E+00   4   4   4   4
 -0.1243506104131537E-03   5   1   1   1
 -0.1779945688960423E-04   5   1   2   1
 -0.9637484610066553E-04   5   1   2   2
 -0.1630443146083296E-05   5   1   3   1
  0.2505472823081652E-05   5   1   3   2
 -0.5058414579215172E-04   5   1   3   3
  0.5153138549172893E-05   5   1   4   1
  0.1426996779887263E-05   5   1   4   2
  0.1008295161128230E-06   5   1   4   3
  0.6814426701917956E-04   5   1   4   4
  0.2614284013810905E-05   5   1   5   1
 -0.3896364419023844E-03   5   2   1   1
  0.2221572621206863E-04   5   2   2   1
 -0.1282054491147839E-02   5   2   2   2
 -0.3888074333476393E-05   5   2   3   1
  0.8694396442178437E-05   5   2   3   2
  0.1062387920949358E-02   5   2   3   3
  0.4463302034246718E-05   5   2   4   1
 -0.1331825809644345E-04   5   2   4   2
 -0.3330881474352139E-05   5   2   4   3
  0.1250193322750262E-03   5   2   4   4
  0.3118593122982475E-05   5   2   5   1
  0.3557905966707177E-04   5   2   5   2
 -0.7291986148966739E-03   5   3   1   1
  0.4605091715202973E-04   5   3   2   1
 -0.5683818258345380E-03   5   3   2   2
 -0.4476347483372145E-04   5   3   3   1
  0.5586853700734263E-04   5   3   3   2
  0.8147434506567717E-03   5   3   3   3
  0.4331422704379430E-05   5   3   4   1
  0.3791216217420885E-05   5   3   4   2
 -0.1018208000080227E-03   5   3   4   3
 -0.9345236770734195E-03   5   3   4   4
 -0.3076866612561230E-05   5   3   5   1
  0.8722133796489264E-05   5   3   5   2
  0.3576869775162186E-03   5   3   5   3
  0.6290833497698100E-03   5   4   1   1
  0.3225316771559298E-05   5   4   2   1
  0.4893420959980151E-03   5   4   2   2
  0.4203171711050787E-05   5   4   3   1
 -0.5483596505620704E-06   5   4   3   2
  0.6945156825651387E-03   5   4   3   3
  0.7767591750321172E-04   5   4   4   1
  0.1728485743675072E-04   5   4   4   2
  0.6940170937726977E-04   5   4   4   3
 -0.2775043161947220E-02   5   4   4   4
 -0.8240010106021288E-06   5   4   5   1
  0.1507403800677504E-04   5   4   5   2
  0.8353553723066512E-04   5   4   5   3
  0.3975445255684096E-03   5   4   5   4
  0.1005021261813086E+00   5   5   1   1
 -0.5747623741672626E-03   5   5   2   1
  0.1051998885739908E+00   5   5   2   2
 -0.5692676583994539E-03   5   5   3   1
 -0.5678370380583116E-03   5   5   3   2
  0.1993417500870957E+00   5   5   3   3
 -0.1069513071274134E-02   5   5   4   1
 -0.4769866817095174E-03   5   5   4   2
 -0.6228570424875006E-03   5   5   4   3
  0.1931375203297417E+00   5   5   4   4
 -0.1241012124655258E-03   5   5   5   1
 -0.1281336774925244E-02   5   5   5   2
  0.2399931086901234E-02   5   5   5   3
 -0.1365619802399548E-02   5   5   5   4
  0.5215429645611865E+00   5   5   5   5
  0.1736518688487019E-01   6   1   1   1
  0.6520788155872571E-03   6   1   2   1
  0.2398843578426730E-02   6   1   2   2
  0.8319138225752645E-04   6   1   3   1
 -0.1611707337764281E-04   6   1   3   2
  0.3885116980583444E-02   6   1   3   3
 -0.8041253182367492E-04   6   1   4   1
 -0.1003611155218241E-03   6   1   4   2
  0.5250716911470345E-04   6   1   4   3
 -0.2049045486617856E-02   6   1   4   4
 -0.3247831067550009E-04   6   1   5   1
  0.2347161909166746E-04   6   1   5   2
 -0.4015958205707865E-04   6   1   5   3
 -0.5531133897215660E-05   6   1   5   4
  0.2622303031371336E-03   6   1   5   5
  0.7574717724842190E-02   6   1   6   1
  0.6590636612712300E-02   6   2   1   1
 -0.6352572749776969E-03   6   2   2   1
  0.1364959676604119E-02   6   2   2   2
 -0.4623699009936668E-04   6   2   3   1
 -0.8353081021086827E-04   6   2   3   2
 -0.6944175010194030E-03   6   2   3   3
 -0.6606301990176160E-04   6   2   4   1
 -0.3893391969734866E-06   6   2   4   2
 -0.2008865342251301E-04   6   2   4   3
 -0.1165337195126037E-02   6   2   4   4
 -0.2991986691864917E-05   6   2   5   1
 -0.1506972595262311E-04   6   2   5   2
  0.5455990643146841E-06   6   2   5   3
 -0.3455794190848529E-05   6   2   5   4
 -0.4893944255645648E-03   6   2   5   5
  0.7886951053968992E-03   6   2   6   1
  0.3976638557224877E-03   6   2   6   2
  0.8506014554473690E-03   6   3   1   1
  0.4476400584154060E-04   6   3   2   1
  0.6225902001503048E-03   6   3   2   2
 -0.7499245676195435E-04   6   3   3   1
  0.1017763309735321E-03   6   3   3   2
 -0.5967473096551301E-03   6   3   3   3
  0.2919805618239373E-05   6   3   4   1
  0.1097688708625864E-04   6   3   4   2
 -0.1744584242849753E-03   6   3   4   3
 -0.3188534097068433E-02   6   3   4   4
  0.1001512058118586E-05   6   3   5   1
  0.3334434568218222E-05   6   3   5   2
  0.9461066837479693E-04   6   3   5   3
 -0.2010099087645362E-04   6   3   5   4
 -0.1221365171637921E-02   6   3   5   5
  0.3008536133510615E-03   6   3   6   1
  0.6940110910361419E-04   6   3   6   2
  0.4678127159447776E-03   6   3   6   3
  0.2810308351862233E-02   6   4   1   1
 -0.2890550322377712E-03   6   4   2   1
  0.2789031901602547E-02   6   4   2   2
  0.3805631053936271E-04   6   4   3   1
 -0.4640746259202644E-04   6   4   3   2
  0.5483097811393482E-02   6   4   3   3
 -0.2615975803175864E-03   6   4   4   1
 -0.1403986485004469E-03   6   4   4   2
  0.2725800022177951E-03   6   4   4   3
  0.5355127040913678E-02   6   4   4   4
 -0.1181825113213379E-04   6   4   5   1
  0.1134705309958737E-04   6   4   5   2
 -0.4637699092777255E-04   6   4   5   3
 -0.4685375942256037E-04   6   4   5   4
  0.2789044722803996E-02   6   4   5   5
  0.7287221531300425E-03   6   4   6   1
  0.4692639086898487E-04   6   4   6   2
 -0.2726448444539519E-03   6   4   6   3
  0.1176354036920380E-02   6   4   6   4
  0.7630114433061832E-03   6   5   1   1
 -0.2325263159965100E-04   6   5   2   1
  0.4769104638158572E-03   6   5   2   2
  0.7246165218752801E-05   6   5   3   1
 -0.3792974152316515E-05   6   5   3   2
  0.9663080648948183E-03   6   5   3   3
 -0.6753769510137358E-05   6   5   4   1
 -0.5896554110439759E-05   6   5   4   2
  0.1097385348070548E-04   6   5   4   3
  0.5091356458958234E-03   6   5   4   4
 -0.1923825136241851E-05   6   5   5   1
  0.1331004012150602E-04   6   5   5   2
 -0.1057220853529211E-04   6   5   5   3
 -0.3795142954928616E-06   6   5   5   4
 -0.1574163759907644E-02   6   5   5   5
  0.1353275411007347E-03   6   5   6   1
  0.1730131008891010E-04   6   5   6   2
 -0.6777063418598732E-04   6   5   6   3
  0.1403923882977277E-03   6   5   6   4
  0.5361032813885328E-04   6   5   6   5
  0.3012878304837925E+00   6   6   1   1
 -0.1025460797730353E-02   6   6   2   1
  0.1931327587270704E+00   6   6   2   2
  0.1210858096277901E-02   6   6   3   1
 -0.9353761182498326E-03   6   6   3   2
  0.1956612058338087E+00   6   6   3   3
  0.7858746693252393E-03   6   6   4   1
 -0.5090147185029242E-03   6   6   4   2
  0.3188180848510226E-02   6   6   4   3
  0.1996027411889984E+00   6   6   4   4
  0.4386682650162413E-05   6   6   5   1
  0.1250077260744385E-03   6   6   5   2
 -0.1076900352341459E-02   6   6   5   3
  0.1165308140927546E-02   6   6   5   4
  0.1192783938597182E+00   6   6   5   5
  0.1659278737279798E-01   6   6   6   1
  0.2776546045161504E-02   6   6   6   2
 -0.3115175355066065E-02   6   6   6   3
  0.5354192902629415E-02   6   6   6   4
  0.2399267036401056E-02   6   6   6   5
  0.5167452316292919E+00   6   6   6   6
  0.1366036098038207E-02   7   1   1   1
 -0.6356250750216661E-03   7   1   2   1
  0.6592014187695917E-02   7   1   2   2
  0.5064789763813818E-04   7   1   3   1
  0.9706740848152486E-04   7   1   3   2
 -0.9997080886932218E-03   7   1   3   3
  0.7618617615027386E-06   7   1   4   1
  0.3966804720150025E-04   7   1   4   2
  0.3686264166016337E-05   7   1   4   3
 -0.6489905693480571E-03   7   1   4   4
  0.8162101871793920E-06   7   1   5   1
 -0.3776937995071040E-04   7   1   5   2
 -0.2675935086065115E-04   7   1   5   3
 -0.4116745770271085E-05   7   1   5   4
 -0.6289709529017415E-03   7   1   5   5
 -0.4346752030250779E-03   7   1   6   1
  0.5894011819100831E-04   7   1   6   2
 -0.2373069287050705E-04   7   1   6   3
  0.1123786541715381E-04   7   1   6   4
 -0.1347726083611071E-05   7   1   6   5
 -0.1347648807729419E-02   7   1   6   6
  0.3976696883899264E-03   7   1   7   1
  0.2395998988743585E-02   7   2   1   1
  0.6525841071410485E-03   7   2   2   1
  0.1736129522039222E-01   7   2   2   2
  0.3073478107992546E-03   7   2   3   1
  0.5688793639291221E-03   7   2   3   2
  0.2371763211298703E-02   7   2   3   3
  0.6331330662436649E-04   7   2   4   1
 -0.7420298729092088E-05   7   2   4   2
  0.1928628185994860E-03   7   2   4   3
  0.1162790412247585E-02   7   2   4   4
 -0.2204186147812686E-04   7   2   5   1
  0.1441749582504327E-04   7   2   5   2
 -0.1974750571961551E-03   7   2   5   3
  0.1169643438738436E-05   7   2   5   4
 -0.5847681605307075E-03   7   2   5   5
  0.6700938880654067E-03   7   2   6   1
 -0.4349522702801543E-03   7   2   6   2
 -0.3376854087446646E-04   7   2   6   3
  0.1719774154725369E-03   7   2   6   4
  0.2426631679474158E-04   7   2   6   5
  0.3685846440200124E-02   7   2   6   6
  0.7888071999609155E-03   7   2   7   1
  0.7573062502698598E-02   7   2   7   2
 -0.3744030714664772E-02   7   3   1   1
  0.6298147779656809E-03   7   3   2   1
 -0.3015910128004739E-02   7   3   2   2
 -0.1238597697321040E-03   7   3   3   1
 -0.6212608011273359E-03   7   3   3   2
 -0.1009849286347772E-01   7   3   3   3
 -0.7270154371247803E-04   7   3   4   1
  0.6649883617859970E-04   7   3   4   2
  0.5325424139527884E-04   7   3   4   3
  0.1529433146756228E-02   7   3   4   4
 -0.6472131269755389E-05   7   3   5   1
 -0.8438227922666167E-04   7   3   5   2
  0.6312722005409599E-04   7   3   5   3
  0.4565011139314400E-05   7   3   5   4
  0.2238462849625506E-02   7   3   5   5
 -0.4845529624093995E-03   7   3   6   1
 -0.3382095713975634E-04   7   3   6   2
 -0.4968626390701690E-03   7   3   6   3
 -0.5426251836160420E-04   7   3   6   4
 -0.1060903818750111E-04   7   3   6   5
 -0.3075085963515233E-02   7   3   6   6
  0.2840241993591892E-03   7   3   7   1
  0.2007806923533225E-03   7   3   7   2
  0.6828901443252699E-02   7   3   7   3
  0.1569773081274627E-03   7   4   1   1
  0.1830456144336826E-04   7   4   2   1
  0.3149369832024845E-03   7   4   2   2
 -0.2396779155757653E-05   7   4   3   1
  0.4868135562532258E-04   7   4   3   2
  0.1445974148443452E-02   7   4   3   3
 -0.5260089678958284E-04   7   4   4   1
 -0.3552708650596359E-04   7   4   4   2
  0.6932099539905487E-04   7   4   4   3
  0.2531033515359001E-02   7   4   4   4
  0.2109624355618571E-05   7   4   5   1
  0.7293478065332812E-05   7   4   5   2
  0.5368168819773922E-05   7   4   5   3
 -0.1815063924528575E-05   7   4   5   4
  0.1570227966389291E-03   7   4   5   5
 -0.1929528618453747E-04   7   4   6   1
 -0.7003278279415578E-05   7   4   6   2
 -0.5687444708977327E-05   7   4   6   3
  0.8849100223467783E-04   7   4   6   4
  0.2164175998471303E-05   7   4   6   5
  0.3777793523235607E-03   7   4   6   6
  0.1796552386156599E-05   7   4   7   1
  0.1558774042023268E-04   7   4   7   2
 -0.2920232899682038E-03   7   4   7   3
  0.8322425676034447E-04   7   4   7   4
  0.1069319672187369E-02   7   5   1   1
 -0.8314150689596174E-04   7   5   2   1
  0.1987632525957900E-02   7   5   2   2
  0.1776480585215288E-04   7   5   3   1
  0.2582967081116787E-04   7   5   3   2
  0.9087969328996021E-03   7   5   3   3
  0.6832683986336094E-05   7   5   4   1
  0.5258204482876208E-06   7   5   4   2
  0.2769143920550681E-04   7   5   4   3
  0.4310355598441585E-04   7   5   4   4
 -0.5149495750311514E-05   7   5   5   1
 -0.2757790316022887E-04   7   5   5   2
 -0.1084655593478605E-04   7   5   5   3
  0.7512674513640409E-06   7   5   5   4
  0.1895323808253139E-02   7   5   5   5
  0.6223883696041774E-04   7   5   6   1
  0.8512734219645222E-06   7   5   6   2
  0.1790142094976609E-04   7   5   6   3
  0.1383929359989222E-04   7   5   6   4
 -0.1416006115548690E-04   7   5   6   5
  0.6919742416604333E-03   7   5   6   6
  0.7769618257964615E-04   7   5   7   1
  0.4991037867234104E-03   7   5   7   2
 -0.4157082636432998E-03   7   5   7   3
  0.5261321512276997E-04   7   5   7   4
  0.1895050959277086E-03   7   5   7   5
 -0.1833749908242361E-02   7   6   1   1
  0.3050587663662201E-03   7   6   2   1
 -0.1834092162913538E-02   7   6   2   2
 -0.6870528552887988E-05   7   6   3   1
  0.3538744929592291E-04   7   6   3   2
 -0.1852371557664875E-02   7   6   3   3
  0.2072001380426969E-04   7   6   4   1
  0.8111232514505375E-05   7   6   4   2
 -0.4642597170180251E-04   7   6   4   3
 -0.4165290026351685E-03   7   6   4   4
  0.5557187630235860E-05   7   6   5   1
  0.9328839677132590E-05   7   6   5   2
  0.2178791412861564E-04   7   6   5   3
  0.3047107867815191E-05   7   6   5   4
 -0.4827671986413084E-03   7   6   5   5
 -0.1508953921821460E-03   7   6   6   1
 -0.5507684759845422E-04   7   6   6   2
  0.5588727440250621E-04   7   6   6   3
 -0.1152448012365275E-03   7   6   6   4
 -0.6699877245712192E-05   7   6   6   5
  0.9718428357512424E-03   7   6   6   6
 -0.5514064307673350E-04   7   6   7   1
 -0.1509522617727143E-03   7   6   7   2
  0.1192823647597497E-03   7   6   7   3
  0.8283342770853369E-05   7   6   7   4
 -0.1149818573816577E-04   7   6   7   5
  0.1088991169323586E-03   7   6   7   6
  0.1931197993526812E+00   7   7   1   1
 -0.1024247609900344E-02   7   7   2   1
  0.3012782329869387E+00   7   7   2   2
  0.1014646351542421E-02   7   7   3   1
  0.5347571184276048E-02   7   7   3   2
  0.3023611102636431E+00   7   7   3   3
 -0.4301758481758868E-04   7   7   4   1
 -0.1861889921455952E-03   7   7   4   2
  0.1782711529798447E-04   7   7   4   3
  0.1328318591838972E+00   7   7   4   4
  0.6815628122600016E-04   7   7   5   1
  0.9560356246011540E-03   7   7   5   2
 -0.8611092491610586E-04   7   7   5   3
  0.6495026254625157E-03   7   7   5   4
  0.1364192322042621E+00   7   7   5   5
  0.3686330060166956E-02   7   7   6   1
 -0.1349124463674720E-02   7   7   6   2
  0.1399840278712278E-02   7   7   6   3
  0.3280823093782930E-02   7   7   6   4
  0.4991941417152321E-03   7   7   6   5
  0.1676162784670627E+00   7   7   6   6
  0.2774470140864474E-02   7   7   7   1
  0.1658704787768678E-01   7   7   7   2
 -0.1656420154534749E-01   7   7   7   3
  0.2531346974421936E-02   7   7   7   4
  0.3945780329988952E-02   7   7   7   5
  0.9723679317553968E-03   7   7   7   6
  0.5167464341119687E+00   7   7   7   7
  0.2401067077147394E-02   8   1   1   1
  0.4202439678881886E-03   8   1   2   1
 -0.1090381237319242E-02   8   1   2   2
  0.3170275032768796E-04   8   1   3   1
  0.2339227884818175E-04   8   1   3   2
 -0.1670155836938155E-02   8   1   3   3
  0.1083663910758574E-04   8   1   4   1
  0.2955271672502909E-05   8   1   4   2
  0.1868528578255653E-04   8   1   4   3
 -0.8615854267244963E-04   8   1   4   4
 -0.3076225093131833E-05   8   1   5   1
 -0.1439290422241853E-05   8   1   5   2
 -0.4174749994430781E-06   8   1   5   3
  0.2671148257600134E-04   8   1   5   4
 -0.7292583150625001E-03   8   1   5   5
  0.5692778288138916E-03   8   1   6   1
  0.9717081778328351E-04   8   1   6   2
 -0.8150917494633358E-04   8   1   6   3
 -0.7581661987121575E-04   8   1   6   4
  0.2231907648652234E-04   8   1   6   5
  0.5348763250190854E-02   8   1   6   6
 -0.8352992463525472E-04   8   1   7   1
 -0.1605930727888194E-04   8   1   7   2
  0.3222550131599418E-05   8   1   7   3
  0.5371304398105809E-05   8   1   7   4
 -0.4340174384922378E-05   8   1   7   5
  0.3537258459164161E-04   8   1   7   6
 -0.9347076792908819E-03   8   1   7   7
  0.3575588374007118E-03   8   1   8   1
  0.1332983668057169E-02   8   2   1   1
 -0.6907056006548681E-04   8   2   2   1
 -0.1917181741090508E-02   8   2   2   2
 -0.8470315287814443E-06   8   2   3   1
  0.3169737333070219E-04   8   2   3   2
  0.1331424848920765E-02   8   2   3   3
  0.2035815631372848E-04   8   2   4   1
 -0.2022502948171221E-04   8   2   4   2
 -0.4606381513213011E-04   8   2   4   3
 -0.1601080609660491E-02   8   2   4   4
 -0.1792700712770630E-05   8   2   5   1
  0.2433105809874413E-04   8   2   5   2
  0.1441315904811559E-04   8   2   5   3
  0.3380258718164674E-05   8   2   5   4
 -0.6395157800077476E-04   8   2   5   5
  0.3074588333668663E-03   8   2   6   1
  0.5061169913249186E-04   8   2   6   2
  0.6752426571525127E-04   8   2   6   3
 -0.3674528508050800E-04   8   2   6   4
  0.1953972681001125E-05   8   2   6   5
  0.1014804561653771E-02   8   2   6   6
 -0.4625634488720788E-04   8   2   7   1
  0.8315713047088734E-04   8   2   7   2
 -0.2949181978569431E-03   8   2   7   3
 -0.6661842031593495E-05   8   2   7   4
  0.9915398645207315E-05   8   2   7   5
 -0.6858790018509956E-05   8   2   7   6
  0.1210939780689765E-02   8   2   7   7
  0.4152674734269102E-04   8   2   8   1
  0.1472372858021710E-03   8   2   8   2
 -0.1951570043340998E-02   8   3   1   1
  0.4189608363012074E-03   8   3   2   1
 -0.1951937451446190E-02   8   3   2   2
 -0.1006434566100074E-03   8   3   3   1
  0.4968184855092187E-03   8   3   3   2
 -0.9501587438249489E-02   8   3   3   3
  0.3826171534310505E-04   8   3   4   1
  0.2751175028773555E-04   8   3   4   2
 -0.6228303585430256E-03   8   3   4   3
  0.9650026750383928E-03   8   3   4   4
  0.1860494875473537E-04   8   3   5   1
  0.1042778405755673E-04   8   3   5   2
  0.4968142522238037E-03   8   3   5   3
  0.2815291279410689E-04   8   3   5   4
 -0.1951650756039077E-02   8   3   5   5
 -0.5613205111106138E-03   8   3   6   1
 -0.2817078923097899E-04   8   3   6   2
  0.6228469767746521E-03   8   3   6   3
 -0.3853774183829713E-03   8   3   6   4
 -0.2747944545943762E-04   8   3   6   5
  0.9657199547602371E-03   8   3   6   6
 -0.2834073993139219E-04   8   3   7   1
 -0.5614609631178185E-03   8   3   7   2
 -0.1219113890637873E-02   8   3   7   3
  0.1110083727286348E-03   8   3   7   4
 -0.3825391729901508E-04   8   3   7   5
  0.2807332909391743E-03   8   3   7   6
  0.9663786266141284E-03   8   3   7   7
  0.4968128427541564E-03   8   3   8   1
 -0.1006021239646788E-03   8   3   8   2
  0.6255590335921933E-02   8   3   8   3
 -0.2238653956298289E-02   8   4   1   1
  0.1724955085597853E-03   8   4   2   1
 -0.1871509623212186E-02   8   4   2   2
  0.1046396376216731E-04   8   4   3   1
 -0.5641346940329606E-04   8   4   3   2
  0.3555169359239153E-03   8   4   3   3
 -0.4155669980959651E-03   8   4   4   1
 -0.2549830536546030E-03   8   4   4   2
  0.8133565802428714E-03   8   4   4   3
  0.1656386937640126E-01   8   4   4   4
  0.6460208856052586E-05   8   4   5   1
  0.9196808173669410E-05   8   4   5   2
 -0.3189169177941200E-05   8   4   5   3
  0.2842918036926674E-03   8   4   5   4
  0.3744709362016074E-02   8   4   5   5
 -0.7298627343287222E-03   8   4   6   1
 -0.1033238004318795E-03   8   4   6   2
 -0.2525754332438965E-03   8   4   6   3
  0.9144436839629583E-03   8   4   6   4
 -0.1891069065502196E-04   8   4   6   5
 -0.1173114217162735E-02   8   4   6   6
  0.4506163718958245E-05   8   4   7   1
 -0.2090680497317275E-03   8   4   7   2
  0.6096216613049704E-03   8   4   7   3
  0.2919696511459074E-03   8   4   7   4
 -0.7270800406909477E-04   8   4   7   5
 -0.6139857211797588E-06   8   4   7   6
 -0.1529670873098085E-02   8   4   7   7
 -0.6294158070564021E-04   8   4   8   1
 -0.2454539270997337E-03   8   4   8   2
  0.1219007365182738E-02   8   4   8   3
  0.6828603670357309E-02   8   4   8   4
 -0.5694930748922994E-03   8   5   1   1
  0.2002479217115011E-05   8   5   2   1
 -0.6368924599539580E-04   8   5   2   2
 -0.2481577303685129E-04   8   5   3   1
  0.1441954224330043E-04   8   5   3   2
  0.1331933462646093E-02   8   5   3   3
 -0.1778582289585735E-04   8   5   4   1
 -0.1956619664175616E-05   8   5   4   2
 -0.6750913743860267E-04   8   5   4   3
  0.1014819293753161E-02   8   5   4   4
 -0.1634254367743423E-05   8   5   5   1
  0.2432278586434070E-04   8   5   5   2
  0.3175196517481987E-04   8   5   5   3
 -0.5058672119255097E-04   8   5   5   4
 -0.1917068248082414E-02   8   5   5   5
 -0.2792949511604031E-04   8   5   6   1
 -0.3386719899024515E-05   8   5   6   2
  0.4607786290308498E-04   8   5   6   3
 -0.3672983749218578E-04   8   5   6   4
  0.2021818719757298E-04   8   5   6   5
 -0.1600799346173465E-02   8   5   6   6
 -0.4211490837030950E-05   8   5   7   1
 -0.4088064595023055E-04   8   5   7   2
 -0.1045985893829632E-04   8   5   7   3
 -0.2401835566424752E-05   8   5   7   4
 -0.4015785684864133E-04   8   5   7   5
 -0.5311981486207145E-05   8   5   7   6
  0.4102709166077799E-03   8   5   7   7
 -0.4474827883591036E-04   8   5   8   1
  0.5072819958179386E-04   8   5   8   2
 -0.1006678138798955E-03   8   5   8   3
  0.1238436956532490E-03   8   5   8   4
  0.1472204162613541E-03   8   5   8   5
 -0.3014758884228171E-02   8   6   1   1
  0.6299872675999394E-03   8   6   2   1
 -0.3744675870298010E-02   8   6   2   2
 -0.2948294402708455E-03   8   6   3   1
  0.3338662323919614E-05   8   6   3   2
 -0.3546506476557030E-03   8   6   3   3
 -0.2692667305909826E-03   8   6   4   1
 -0.1891667157085105E-04   8   6   4   2
 -0.2525729570514322E-03   8   6   4   3
  0.1172749216288061E-02   8   6   4   4
  0.1118813736361454E-05   8   6   5   1
 -0.9201519870351929E-05   8   6   5   2
  0.5651755083012693E-04   8   6   5   3
 -0.1032615569063076E-03   8   6   5   4
  0.1871207641734787E-02   8   6   5   5
  0.2008561572400692E-03   8   6   6   1
  0.2841493984744953E-03   8   6   6   2
  0.8135040387080201E-03   8   6   6   3
 -0.9144534862148832E-03   8   6   6   4
 -0.2549841814557409E-03   8   6   6   5
 -0.1656187897168537E-01   8   6   6   6
 -0.3396959337414104E-04   8   6   7   1
 -0.4845745063402376E-03   8   6   7   2
  0.6282308181437560E-03   8   6   7   3
  0.1563492861466546E-04   8   6   7   4
 -0.7317852586203188E-04   8   6   7   5
  0.1192689451546002E-03   8   6   7   6
 -0.3074997727767147E-02   8   6   7   7
 -0.6213941757566814E-03   8   6   8   1
 -0.1239243193420783E-03   8   6   8   2
 -0.1219125033723936E-02   8   6   8   3
  0.1567957576488111E-02   8   6   8   4
  0.2453861192018479E-03   8   6   8   5
  0.6828155665464679E-02   8   6   8   6
  0.6228314110372993E-03   8   7   1   1
  0.4470848091186997E-04   8   7   2   1
  0.8506252489355727E-03   8   7   2   2
  0.6747869468692660E-04   8   7   3   1
 -0.8157154250693922E-04   8   7   3   2
 -0.7353068113044320E-02   8   7   3   3
  0.2769779239070455E-04   8   7   4   1
  0.1507164028368045E-04   8   7   4   2
  0.7692861046576224E-04   8   7   4   3
 -0.1753711851541835E-04   8   7   4   4
 -0.1012022189579309E-06   8   7   5   1
 -0.2731229058772907E-04   8   7   5   2
 -0.1872764115370051E-04   8   7   5   3
  0.3626018419407339E-05   8   7   5   4
 -0.1922199845804177E-02   8   7   5   5
 -0.3373843521043207E-04   8   7   6   1
 -0.2370668449810862E-04   8   7   6   2
  0.2844335526368476E-04   8   7   6   3
 -0.4692451703886861E-04   8   7   6   4
 -0.6550811468272134E-05   8   7   6   5
  0.1400070483441858E-02   8   7   6   6
  0.6941870660781220E-04   8   7   7   1
  0.3009043886613740E-03   8   7   7   2
  0.8136239987170842E-03   8   7   7   3
 -0.6934855779729360E-04   8   7   7   4
 -0.4639738542284508E-04   8   7   7   5
  0.5587183278407557E-04   8   7   7   6
 -0.3115786714703815E-02   8   7   7   7
  0.1017917115212903E-03   8   7   8   1
 -0.7498268033853226E-04   8   7   8   2
  0.6227155676909212E-03   8   7   8   3
  0.5329716072099335E-04   8   7   8   4
 -0.8605147288746132E-04   8   7   8   5
 -0.4969156921827066E-03   8   7   8   6
  0.4678504664404508E-03   8   7   8   7
  0.1993428312829263E+00   8   8   1   1
 -0.3210591655529199E-02   8   8   2   1
  0.1736639559148692E+00   8   8   2   2
  0.1331677471111915E-02   8   8   3   1
 -0.1670099407229307E-02   8   8   3   2
  0.3102390260956042E+00   8   8   3   3
 -0.9075300672045476E-03   8   8   4   1
 -0.1491927254455806E-02   8   8   4   2
  0.7352679589538912E-02   8   8   4   3
  0.3023606545235372E+00   8   8   4   4
 -0.5058200377918072E-04   8   8   5   1
  0.5053721030242029E-03   8   8   5   2
 -0.1669512325556455E-02   8   8   5   3
  0.1000679366251010E-02   8   8   5   4
  0.1736609163497181E+00   8   8   5   5
  0.2372340229198154E-02   8   8   6   1
 -0.1000297493337472E-02   8   8   6   2
 -0.7353180523609754E-02   8   8   6   3
  0.9540250449948405E-02   8   8   6   4
  0.1491843645145435E-02   8   8   6   5
  0.3023556165522940E+00   8   8   6   6
 -0.6930962318017330E-03   8   8   7   1
  0.3885323482057675E-02   8   8   7   2
 -0.3554686968473483E-03   8   8   7   3
  0.1445865205208273E-02   8   8   7   4
  0.4351648583743734E-03   8   8   7   5
 -0.1852564174804493E-02   8   8   7   6
  0.1956662786936769E+00   8   8   7   7
  0.8123783300608249E-03   8   8   8   1
 -0.3001051571512395E-02   8   8   8   2
 -0.9504067531339838E-02   8   8   8   3
  0.1009913675302218E-01   8   8   8   4
 -0.3000566339025974E-02   8   8   8   5
 -0.1009794904290220E-01   8   8   8   6
 -0.5963556902530143E-03   8   8   8   7
  0.5586921664029783E+00   8   8   8   8
  0.1574036320929510E-02   9   1   1   1
 -0.1621968586666710E-04   9   1   2   1
 -0.1655457987437526E-03   9   1   2   2
 -0.2020585497730179E-04   9   1   3   1
  0.2945049037275549E-05   9   1   3   2
 -0.1491866644548723E-02   9   1   3   3
 -0.1416542366418309E-04   9   1   4   1
  0.5821867906097834E-05   9   1   4   2
 -0.6548980593644511E-05   9   1   4   3
 -0.4991703093513726E-03   9   1   4   4
  0.1922131798024517E-05   9   1   5   1
 -0.4197900306687738E-05   9   1   5   2
 -0.2234451312290128E-04   9   1   5   3
 -0.1358043507919635E-05   9   1   5   4
 -0.7631073000293165E-03   9   1   5   5
 -0.7397752992173304E-05   9   1   6   1
  0.3965910776505591E-04   9   1   6   2
  0.1506819003507482E-04   9   1   6   3
 -0.3163937981753718E-04   9   1   6   4
 -0.4346801117533866E-05   9   1   6   5
 -0.1859970927482021E-03   9   1   6   6
 -0.4156494871924979E-06   9   1   7   1
 -0.1003456495611299E-03   9   1   7   2
 -0.1895023592784548E-04   9   1   7   3
 -0.2164316938088565E-05   9   1   7   4
 -0.6758239666242644E-05   9   1   7   5
  0.8112470228578904E-05   9   1   7   6
 -0.5090547781449907E-03   9   1   7   7
  0.1059588746368245E-04   9   1   8   1
 -0.8046309446235614E-06   9   1   8   2
  0.2747624915728017E-04   9   1   8   3
 -0.1061205056267019E-04   9   1   8   4
 -0.7247517051680666E-05   9   1   8   5
  0.6647943117612994E-04   9   1   8   6
  0.1097365774037203E-04   9   1   8   7
 -0.9661814236455246E-03   9   1   8   8
  0.5361211117299482E-04   9   1   9   1
 -0.2546905123340243E-03   9   2   1   1
 -0.5631526819154924E-04   9   2   2   1
 -0.1896174113452207E-02   9   2   2   2
  0.2033907898740521E-04   9   2   3   1
  0.1078850006354816E-04   9   2   3   2
 -0.9075631565208420E-03   9   2   3   3
  0.1573818264074787E-04   9   2   4   1
 -0.1417473733355517E-04   9   2   4   2
  0.1791321284600206E-04   9   2   4   3
 -0.6917159086205238E-03   9   2   4   4
  0.4393668614398891E-05   9   2   5   1
  0.2759996782487012E-04   9   2   5   2
 -0.2589333973601580E-04   9   2   5   3
  0.8515449582898751E-06   9   2   5   4
 -0.1987308086260127E-02   9   2   5   5
  0.6332040129481436E-04   9   2   6   1
  0.7584375576925748E-06   9   2   6   2
  0.2768875587252478E-04   9   2   6   3
 -0.1382479460853154E-04   9   2   6   4
  0.5285411996872878E-06   9   2   6   5
 -0.4276129294365350E-04   9   2   6   6
 -0.6607886121926288E-04   9   2   7   1
 -0.8046370088321609E-04   9   2   7   2
 -0.2692652485579543E-03   9   2   7   3
  0.5362101891428346E-05   9   2   7   4
 -0.1546236361494433E-04   9   2   7   5
  0.2071277805776215E-04   9   2   7   6
  0.7850725036808112E-03   9   2   7   7
  0.8169672399169536E-05   9   2   8   1
  0.4018455145854780E-04   9   2   8   2
  0.3822509250385609E-04   9   2   8   3
 -0.7319804601636684E-04   9   2   8   4
 -0.9909361812546262E-05   9   2   8   5
 -0.7272415513731981E-04   9   2   8   6
  0.2920742206475566E-05   9   2   8   7
 -0.4344926262560092E-03   9   2   8   8
  0.6575101079664005E-04   9   2   9   1
  0.1895083836777582E-03   9   2   9   2
 -0.1871136086523814E-02   9   3   1   1
  0.1724565973606866E-03   9   3   2   1
 -0.2239225001636316E-02   9   3   2   2
 -0.2453803385570276E-03   9   3   3   1
 -0.6285932322732779E-04   9   3   3   2
  0.1010274565721847E-01   9   3   3   3
 -0.7321138411069578E-04   9   3   4   1
 -0.1062294381433304E-04   9   3   4   2
 -0.4969217390759555E-03   9   3   4   3
  0.3076486941680983E-02   9   3   4   4
 -0.1128684961784523E-05   9   3   5   1
  0.8436048542461691E-04   9   3   5   2
  0.6218200148612779E-03   9   3   5   3
 -0.3375036657118994E-04   9   3   5   4
  0.3014345728554016E-02   9   3   5   5
 -0.2090694924964628E-03   9   3   6   1
  0.4546593024009504E-05   9   3   6   2
  0.5326850167618247E-04   9   3   6   3
  0.5433799766441723E-04   9   3   6   4
  0.6651879891576907E-04   9   3   6   5
 -0.1529094000462773E-02   9   3   6   6
 -0.1034020315830366E-03   9   3   7   1
 -0.7298726652137184E-03   9   3   7   2
  0.1568570236862541E-02   9   3   7   3
 -0.1563839527402849E-04   9   3   7   4
 -0.2691944214614029E-03   9   3   7   5
 -0.6311264053962561E-06   9   3   7   6
 -0.1174199767014303E-02   9   3   7   7
 -0.5649159667634775E-04   9   3   8   1
  0.1042090513642603E-04   9   3   8   2
  0.1218924303639911E-02   9   3   8   3
  0.6284638290822793E-03   9   3   8   4
  0.2949412200815170E-03   9   3   8   5
  0.6096996370153929E-03   9   3   8   6
 -0.2526313015803313E-03   9   3   8   7
  0.3572744074284826E-03   9   3   8   8
 -0.2550451546670637E-03   9   3   9   1
 -0.4156354508600676E-03   9   3   9   2
  0.6829964110809695E-02   9   3   9   3
 -0.4829060016373929E-03   9   4   1   1
  0.5190609337614651E-04   9   4   2   1
 -0.4829727080841840E-03   9   4   2   2
 -0.5319433386078334E-05   9   4   3   1
  0.2179782195602360E-04   9   4   3   2
 -0.1852638657973235E-02   9   4   3   3
  0.1148266835924745E-04   9   4   4   1
  0.6696677109055872E-05   9   4   4   2
 -0.5588299136106181E-04   9   4   4   3
  0.9726821765294047E-03   9   4   4   4
  0.5556525011162986E-05   9   4   5   1
  0.9326267777045551E-05   9   4   5   2
  0.3542566531411658E-04   9   4   5   3
  0.5505530415033993E-04   9   4   5   4
 -0.1833759015607261E-02   9   4   5   5
 -0.5592227249156196E-04   9   4   6   1
 -0.3052761683781027E-05   9   4   6   2
  0.4644157404579383E-04   9   4   6   3
 -0.1152567828119768E-03   9   4   6   4
 -0.8114287622554751E-05   9   4   6   5
 -0.4165398483402409E-03   9   4   6   6
 -0.3070011087056216E-05   9   4   7   1
 -0.5592929802832730E-04   9   4   7   2
  0.6151089822295790E-06   9   4   7   3
  0.8292578550674077E-05   9   4   7   4
 -0.2071227989102043E-04   9   4   7   5
  0.3303179374929190E-04   9   4   7   6
 -0.4165426731987550E-03   9   4   7   7
  0.2180170505349772E-04   9   4   8   1
 -0.5311128702686275E-05   9   4   8   2
  0.2808375697925346E-03   9   4   8   3
 -0.1192860864443499E-03   9   4   8   4
 -0.6862486489738118E-05   9   4   8   5
  0.6012234349563853E-06   9   4   8   6
  0.4643030705377493E-04   9   4   8   7
 -0.1852910110746669E-02   9   4   8   8
  0.6685211472498232E-05   9   4   9   1
  0.1147086166197331E-04   9   4   9   2
 -0.1192604289400995E-03   9   4   9   3
  0.1089523855497207E-03   9   4   9   4
 -0.2623340243793147E-03   9   5   1   1
  0.2340696824775652E-04   9   5   2   1
  0.5848919913185445E-03   9   5   2   2
  0.2790484129817368E-04   9   5   3   1
  0.1973805830154021E-03   9   5   3   2
 -0.2370767199714873E-02   9   5   3   3
  0.6225347566782562E-04   9   5   4   1
  0.2427950741644086E-04   9   5   4   2
 -0.3371116054370774E-04   9   5   4   3
 -0.3687492964870193E-02   9   5   4   4
  0.3248105418551984E-04   9   5   5   1
 -0.1442251052932776E-04   9   5   5   2
 -0.5695318301464035E-03   9   5   5   3
 -0.4348774881879605E-03   9   5   5   4
 -0.1736486176916042E-01   9   5   5   5
  0.3253082975983582E-04   9   5   6   1
  0.1176828432454489E-05   9   5   6   2
  0.1928762838006577E-03   9   5   6   3
 -0.1720273596691809E-03   9   5   6   4
 -0.7398747433576944E-05   9   5   6   5
 -0.1162856383818584E-02   9   5   6   6
 -0.5559865159841641E-05   9   5   7   1
 -0.7058689865904234E-04   9   5   7   2
 -0.7298203100751361E-03   9   5   7   3
  0.1931168087007030E-04   9   5   7   4
 -0.8051595912942930E-04   9   5   7   5
  0.5590685388845174E-04   9   5   7   6
  0.2049241170532485E-02   9   5   7   7
  0.4016560279222129E-04   9   5   8   1
  0.4090987896237692E-04   9   5   8   2
  0.5614756186686613E-03   9   5   8   3
 -0.4847481181737090E-03   9   5   8   4
 -0.8315364392721990E-04   9   5   8   5
 -0.2090902869220484E-03   9   5   8   6
  0.5247858823095766E-04   9   5   8   7
 -0.3885667148516543E-02   9   5   8   8
  0.1353005313409659E-03   9   5   9   1
  0.4991166121068505E-03   9   5   9   2
  0.2012860521203589E-03   9   5   9   3
  0.1508566995278403E-03   9   5   9   4
  0.7574447276999595E-02   9   5   9   5
  0.3149137762193985E-03   9   6   1   1
  0.1828831664996151E-04   9   6   2   1
  0.1569933522193406E-03   9   6   2   2
 -0.6659046689334804E-05   9   6   3   1
  0.5380730612239756E-05   9   6   3   2
  0.1445992023781982E-02   9   6   3   3
  0.5367001650002580E-05   9   6   4   1
 -0.2162614550013065E-05   9   6   4   2
  0.5684195178407435E-05   9   6   4   3
  0.3775782938239059E-03   9   6   4   4
  0.9941018581268107E-06   9   6   5   1
  0.7293931479764010E-05   9   6   5   2
  0.4871751725306081E-04   9   6   5   3
  0.7002238132789758E-05   9   6   5   4
  0.3151419201811276E-03   9   6   5   5
  0.1564985699715737E-04   9   6   6   1
  0.1825052905680339E-05   9   6   6   2
 -0.6932310625246723E-04   9   6   6   3
  0.8850026332562669E-04   9   6   6   4
  0.3553287650162209E-04   9   6   6   5
  0.2530999285431277E-02   9   6   6   6
 -0.7002638061731048E-05   9   6   7   1
 -0.1930966940872721E-04   9   6   7   2
  0.1563250163070227E-04   9   6   7   3
  0.9928423400562207E-05   9   6   7   4
 -0.5358921683819073E-05   9   6   7   5
  0.8280124286793004E-05   9   6   7   6
  0.3778455191590551E-03   9   6   7   7
  0.4868098239817991E-04   9   6   8   1
 -0.2400297070948853E-05   9   6   8   2
  0.1110471190542791E-03   9   6   8   3
 -0.1566324618980860E-04   9   6   8   4
 -0.6659591230291245E-05   9   6   8   5
 -0.2920036712026597E-03   9   6   8   6
 -0.5683351808272692E-05   9   6   8   7
  0.1445604594619427E-02   9   6   8   8
 -0.3553895621082966E-04   9   6   9   1
 -0.5260484330752811E-04   9   6   9   2
  0.2920192119338717E-03   9   6   9   3
  0.8306527489807535E-05   9   6   9   4
 -0.1558288750629148E-04   9   6   9   5
  0.8324008417476789E-04   9   6   9   6
  0.2788635920230083E-02   9   7   1   1
 -0.2890240916595503E-03   9   7   2   1
  0.2809836692460101E-02   9   7   2   2
 -0.3675990549377889E-04   9   7   3   1
 -0.7582726970475472E-04   9   7   3   2
  0.9543170057036459E-02   9   7   3   3
 -0.1383783259347311E-04   9   7   4   1
 -0.3165583371369162E-04   9   7   4   2
  0.4693363659853645E-04   9   7   4   3
  0.3281586015599355E-02   9   7   4   4
 -0.1181615406184553E-04   9   7   5   1
 -0.3227426157153740E-07   9   7   5   2
 -0.7572251424768563E-04   9   7   5   3
 -0.1115530529180307E-04   9   7   5   4
  0.2810404405915384E-02   9   7   5   5
  0.1719868794878368E-03   9   7   6   1
  0.1117587467224220E-04   9   7   6   2
 -0.4694574201266545E-04   9   7   6   3
  0.1618894900288880E-03   9   7   6   4
  0.3164735935000616E-04   9   7   6   5
  0.3281103159525787E-02   9   7   6   6
  0.4694512343629954E-04   9   7   7   1
  0.7284038971631930E-03   9   7   7   2
 -0.9148054575430400E-03   9   7   7   3
  0.8851516081566947E-04   9   7   7   4
  0.2616012592972221E-03   9   7   7   5
 -0.1152719688409781E-03   9   7   7   6
  0.5354265042892855E-02   9   7   7   7
 -0.4640962839668912E-04   9   7   8   1
  0.3806254334514592E-04   9   7   8   2
 -0.3854092302276778E-03   9   7   8   3
  0.5431083087385270E-04   9   7   8   4
  0.3807955303831424E-04   9   7   8   5
 -0.5422449502129540E-04   9   7   8   6
 -0.2727428140578181E-03   9   7   8   7
  0.5484423458510465E-02   9   7   8   8
 -0.1404021684910672E-03   9   7   9   1
 -0.2615441984759062E-03   9   7   9   2
  0.9149254133937711E-03   9   7   9   3
 -0.1152546100762308E-03   9   7   9   4
 -0.7284422843679063E-03   9   7   9   5
  0.8850387544231824E-04   9   7   9   6
  0.1176522594048027E-02   9   7   9   7
  0.1221019118812595E-02   9   8   1   1
 -0.1176852247672955E-03   9   8   2   1
  0.1922264082742662E-02   9   8   2   2
 -0.4606934639966492E-04   9   8   3   1
  0.1870516813031692E-04   9   8   3   2
  0.7352602289248857E-02   9   8   3   3
  0.1791545420945043E-04   9   8   4   1
 -0.6550293814821014E-05   9   8   4   2
  0.2845997640791510E-04   9   8   4   3
 -0.1401184070790163E-02   9   8   4   4
 -0.9993301510403718E-06   9   8   5   1
  0.2731297226020031E-04   9   8   5   2
  0.8161524166529492E-04   9   8   5   3
 -0.2370266029638046E-04   9   8   5   4
 -0.8507087157682262E-03   9   8   5   5
  0.1928541873574633E-03   9   8   6   1
  0.3637758503785571E-05   9   8   6   2
  0.7697991134673458E-04   9   8   6   3
  0.4688677463189958E-04   9   8   6   4
  0.1506074286913043E-04   9   8   6   5
  0.1695693965662455E-04   9   8   6   6
 -0.2007317052427976E-04   9   8   7   1
  0.5248143085853727E-04   9   8   7   2
 -0.2526071103449867E-03   9   8   7   3
  0.5685264348021660E-05   9   8   7   4
  0.2943212400139295E-05   9   8   7   5
 -0.4640614619858815E-04   9   8   7   6
  0.3188311832978761E-02   9   8   7   7
 -0.9460808888066151E-04   9   8   8   1
  0.8606646957164109E-04   9   8   8   2
 -0.6226275489564461E-03   9   8   8   3
 -0.4970805448887846E-03   9   8   8   4
  0.7500768554194291E-04   9   8   8   5
  0.5324472053416373E-04   9   8   8   6
 -0.1744343912317893E-03   9   8   8   7
  0.5949687066362390E-03   9   8   8   8
 -0.6777701022569666E-04   9   8   9   1
 -0.4635125659404784E-04   9   8   9   2
  0.8135259771074078E-03   9   8   9   3
 -0.5583428577692867E-04   9   8   9   4
  0.3010554284289153E-03   9   8   9   5
  0.6935642205666027E-04   9   8   9   6
  0.2726506094086103E-03   9   8   9   7
  0.4678642747707536E-03   9   8   9   8
  0.1192779530944302E+00   9   9   1   1
 -0.7405381879889775E-03   9   9   2   1
  0.1364216355351709E+00   9   9   2   2
 -0.1600416826833814E-02   9   9   3   1
 -0.8570236613105776E-04   9   9   3   2
  0.3023729976835396E+00   9   9   3   3
 -0.6920457548643157E-03   9   9   4   1
 -0.4993827232258269E-03   9   9   4   2
 -0.1399853285316690E-02   9   9   4   3
  0.1676322107370765E+00   9   9   4   4
  0.4323694571733115E-05   9   9   5   1
  0.9561149971805153E-03   9   9   5   2
  0.5351298117513344E-02   9   9   5   3
  0.1348664413401326E-02   9   9   5   4
  0.3012893618126490E+00   9   9   5   5
  0.1162724396471446E-02   9   9   6   1
 -0.6495246887578219E-03   9   9   6   2
 -0.1795373062842692E-04   9   9   6   3
  0.3281277217994396E-02   9   9   6   4
  0.1863021652077279E-03   9   9   6   5
  0.1328341951891492E+00   9   9   6   6
 -0.1165347462790681E-02   9   9   7   1
 -0.2048786667728841E-02   9   9   7   2
  0.1174200824982742E-02   9   9   7   3
  0.3778543984424886E-03   9   9   7   4
 -0.7844287771020305E-03   9   9   7   5
 -0.4165646058158171E-03   9   9   7   6
  0.1996003548988425E+00   9   9   7   7
 -0.1077124523124620E-02   9   9   8   1
  0.4099947343090375E-03   9   9   8   2
  0.9650716404045329E-03   9   9   8   3
  0.3076266322027427E-02   9   9   8   4
  0.1211413574165433E-02   9   9   8   5
  0.1530024548226806E-02   9   9   8   6
 -0.3188689726831110E-02   9   9   8   7
  0.1956770788382381E+00   9   9   8   8
 -0.2399875308258224E-02   9   9   9   1
 -0.3945415928587114E-02   9   9   9   2
  0.1656807078408894E-01   9   9   9   3
  0.9728604474060066E-03   9   9   9   4
 -0.1659184949966777E-01   9   9   9   5
  0.2532036257190715E-02   9   9   9   6
  0.5357269513395671E-02   9   9   9   7
  0.3117536261936142E-02   9   9   9   8
  0.5167476405353324E+00   9   9   9   9
 -0.1282043936804938E-02  10   1   1   1
  0.2222078546675760E-04  10   1   2   1
 -0.3896291030523453E-03  10   1   2   2
  0.2432751719484909E-04  10   1   3   1
 -0.1437337802984741E-05  10   1   3   2
  0.5053400831561445E-03  10   1   3   3
  0.2760686440013118E-04  10   1   4   1
 -0.4199184921349553E-05  10   1   4   2
  0.2731039050507528E-04  10   1   4   3
  0.9563115115733391E-03  10   1   4   4
  0.3120006962963616E-05  10   1   5   1
  0.8573488214501111E-05  10   1   5   2
 -0.1431443143340877E-05  10   1   5   3
  0.3775573226404741E-04  10   1   5   4
 -0.3895746888776978E-03  10   1   5   5
  0.1444088028243403E-04  10   1   6   1
 -0.3776206194650245E-04  10   1   6   2
 -0.2731363960758641E-04  10   1   6   3
 -0.5633320254036186E-07  10   1   6   4
  0.4200634953349976E-05  10   1   6   5
  0.9563668827078632E-03  10   1   6   6
 -0.1506490820344568E-04  10   1   7   1
  0.2348016744207941E-04  10   1   7   2
 -0.9199222838116128E-05  10   1   7   3
  0.7292782530108736E-05  10   1   7   4
 -0.4458774309239530E-05  10   1   7   5
  0.9330143088063188E-05  10   1   7   6
  0.1250128667181904E-03  10   1   7   7
  0.8699391001405067E-05  10   1   8   1
 -0.3886905513054441E-05  10   1   8   2
  0.1043170802277738E-04  10   1   8   3
  0.8436575269075969E-04  10   1   8   4
 -0.3886497370176538E-05  10   1   8   5
 -0.8438275965520068E-04  10   1   8   6
  0.3337779640893944E-05  10   1   8   7
  0.1062512479388497E-02  10   1   8   8
 -0.1331333891166679E-04  10   1   9   1
  0.4463274744639087E-05  10   1   9   2
  0.9206050050227749E-05  10   1   9   3
  0.9329493721458118E-05  10   1   9   4
 -0.2347815256787291E-04  10   1   9   5
  0.7293257125123892E-05  10   1   9   6
  0.1135321405152584E-04  10   1   9   7
 -0.3339812595090665E-05  10   1   9   8
  0.1250427947193826E-03  10   1   9   9
  0.3559294138769201E-04  10   1  10   1
 -0.9624290943144240E-04  10   2   1   1
 -0.1780989850283768E-04  10   2   2   1
 -0.1240518194113197E-03  10   2   2   2
 -0.1792959531314641E-05  10   2   3   1
 -0.3075252204568240E-05  10   2   3   2
 -0.5046124942379429E-04  10   2   3   3
  0.4395089296899036E-05  10   2   4   1
  0.1925097340686226E-05  10   2   4   2
 -0.1000462175380744E-05  10   2   4   3
  0.4289422456206510E-05  10   2   4   4
  0.1979173723608600E-05  10   2   5   1
  0.3119317310054061E-05  10   2   5   2
  0.2506852329151835E-05  10   2   5   3
  0.3000031643965810E-05  10   2   5   4
 -0.9634463228964154E-04  10   2   5   5
 -0.2204350899365433E-04  10   2   6   1
  0.8233644415267822E-06  10   2   6   2
 -0.1028352170426848E-06  10   2   6   3
 -0.1181663964865576E-04  10   2   6   4
 -0.1425393466389859E-05  10   2   6   5
  0.6822988016122526E-04  10   2   6   6
 -0.2989223536075982E-05  10   2   7   1
 -0.3247741761926516E-04  10   2   7   2
  0.1122717000975154E-05  10   2   7   3
  0.9938142820506766E-06  10   2   7   4
 -0.4392996469378702E-05  10   2   7   5
  0.5555140389566476E-05  10   2   7   6
  0.4446754681367167E-05  10   2   7   7
  0.2505788897346504E-05  10   2   8   1
 -0.1634317919412425E-05  10   2   8   2
  0.1860012254703844E-04  10   2   8   3
 -0.1111424308834116E-05  10   2   8   4
 -0.1792152287486519E-05  10   2   8   5
 -0.6462851671133697E-05  10   2   8   6
  0.9970027502232389E-06  10   2   8   7
 -0.5050353389435088E-04  10   2   8   8
  0.1426215486550746E-05  10   2   9   1
  0.5148242261297388E-05  10   2   9   2
  0.6478123541766472E-05  10   2   9   3
  0.5557614443794313E-05  10   2   9   4
  0.2202334690377187E-04  10   2   9   5
  0.2110833046741576E-05  10   2   9   6
 -0.1180975905511994E-04  10   2   9   7
  0.1033113734164285E-06  10   2   9   8
  0.6822603631995539E-04  10   2   9   9
  0.3122623565504734E-05  10   2  10   1
  0.2614018893786368E-05  10   2  10   2
 -0.6359166441672655E-04  10   3   1   1
  0.1988753737304472E-05  10   3   2   1
 -0.5692839973402884E-03  10   3   2   2
  0.5069708798955257E-04  10   3   3   1
 -0.4473299392867327E-04  10   3   3   2
 -0.2999481556522258E-02  10   3   3   3
 -0.9909664211770630E-05  10   3   4   1
 -0.7248165758616559E-05  10   3   4   2
  0.7497535209475997E-04  10   3   4   3
  0.1211130962444018E-02  10   3   4   4
 -0.1792092575003828E-05  10   3   5   1
 -0.3889312302715650E-05  10   3   5   2
  0.4154005373797383E-04  10   3   5   3
  0.4620576415494936E-04  10   3   5   4
  0.1333433940289498E-02  10   3   5   5
 -0.4086486865796668E-04  10   3   6   1
 -0.4203817686989530E-05  10   3   6   2
 -0.8600758797266537E-04  10   3   6   3
  0.3805550029662374E-04  10   3   6   4
  0.8017600534600714E-06  10   3   6   5
  0.4101658061213589E-03  10   3   6   6
 -0.3381176057911956E-05  10   3   7   1
 -0.2791613667992184E-04  10   3   7   2
  0.2452765645696603E-03  10   3   7   3
 -0.6653956236639722E-05  10   3   7   4
 -0.2033699528234408E-04  10   3   7   5
 -0.5312987202426582E-05  10   3   7   6
 -0.1600336676392450E-02  10   3   7   7
  0.1440406777933776E-04  10   3   8   1
 -0.2481554143027880E-04  10   3   8   2
 -0.1006295810542685E-03  10   3   8   3
  0.2948117744364060E-03  10   3   8   4
 -0.8527167357965114E-06  10   3   8   5
 -0.1047556685015539E-04  10   3   8   6
  0.4606812250294986E-04  10   3   8   7
  0.1331511227810057E-02  10   3   8   8
 -0.1955086530250851E-05  10   3   9   1
 -0.1776732886695547E-04  10   3   9   2
  0.1237793847665752E-03  10   3   9   3
 -0.6870594749359713E-05  10   3   9   4
 -0.3073605023888957E-03  10   3   9   5
 -0.2399062941979616E-05  10   3   9   6
 -0.3675130879713084E-04  10   3   9   7
 -0.6748555080154685E-04  10   3   9   8
  0.1014888150753987E-02  10   3   9   9
  0.2432069357383843E-04  10   3  10   1
 -0.1623569374075118E-05  10   3  10   2
  0.1471162435777918E-03  10   3  10   3
  0.5850816274185892E-03  10   4   1   1
  0.2339339110186262E-04  10   4   2   1
 -0.2621306397261492E-03  10   4   2   2
  0.4087126415201935E-04  10   4   3   1
  0.4011682992555489E-04  10   4   3   2
 -0.3884711490836483E-02  10   4   3   3
  0.4992234721740938E-03  10   4   4   1
  0.1352986834201784E-03  10   4   4   2
  0.3010252650989186E-03  10   4   4   3
 -0.1659197473596025E-01  10   4   4   4
  0.2204353003371742E-04  10   4   5   1
 -0.2345368299033143E-04  10   4   5   2
  0.1593726327488312E-04  10   4   5   3
  0.7883213616736209E-03  10   4   5   4
 -0.2399389024133601E-02  10   4   5   5
 -0.7056208984883657E-04  10   4   6   1
 -0.5526980027692802E-05  10   4   6   2
  0.5246795073796001E-04  10   4   6   3
 -0.7285404150261202E-03  10   4   6   4
 -0.1003304114647573E-03  10   4   6   5
  0.2049341565192646E-02  10   4   6   6
  0.1173709642704650E-05  10   4   7   1
  0.3251945790859424E-04  10   4   7   2
 -0.2090290052865568E-03  10   4   7   3
 -0.1559499257681676E-04  10   4   7   4
  0.6326512088708384E-04  10   4   7   5
  0.5589149803633931E-04  10   4   7   6
 -0.1162569810625088E-02  10   4   7   7
  0.1974003603585149E-03  10   4   8   1
  0.2793910357469457E-04  10   4   8   2
  0.5612671440981713E-03  10   4   8   3
  0.2013377554970558E-03  10   4   8   4
 -0.3074382626998987E-03  10   4   8   5
 -0.7297357641147933E-03  10   4   8   6
  0.1928194655553414E-03  10   4   8   7
 -0.2370695123963596E-02  10   4   8   8
  0.2427296131245106E-04  10   4   9   1
  0.6223790946700661E-04  10   4   9   2
 -0.4846838005993251E-03  10   4   9   3
  0.1508785864537627E-03  10   4   9   4
  0.6703800314969135E-03  10   4   9   5
  0.1931525514993555E-04  10   4   9   6
 -0.1720186035062249E-03  10   4   9   7
 -0.3366121723725121E-04  10   4   9   8
 -0.3687387851559246E-02  10   4   9   9
 -0.1444016875499815E-04  10   4  10   1
  0.3248700970957245E-04  10   4  10   2
 -0.8319849350792906E-04  10   4  10   3
  0.7574144432251045E-02  10   4  10   4
 -0.5748063143341684E-03  10   5   1   1
  0.3320500671293345E-04  10   5   2   1
 -0.5747917559211299E-03  10   5   2   2
  0.1991899576290197E-05  10   5   3   1
  0.4602199666897791E-04  10   5   3   2
 -0.3209755584934913E-02  10   5   3   3
  0.8317974554168217E-04  10   5   4   1
  0.2327004978356822E-04  10   5   4   2
 -0.4476101947564243E-04  10   5   4   3
 -0.1027256034568135E-02  10   5   4   4
 -0.1780582896041599E-04  10   5   5   1
  0.2222197475496514E-04  10   5   5   2
  0.4203291996635335E-03  10   5   5   3
  0.6351685158615793E-03  10   5   5   4
 -0.1315697798775041E-01  10   5   5   5
 -0.2339593516804243E-04  10   5   6   1
 -0.3218836700157216E-05  10   5   6   2
  0.1176741682603895E-03  10   5   6   3
 -0.2890533605471996E-03  10   5   6   4
  0.1623299265490137E-04  10   5   6   5
 -0.7406322487906001E-03  10   5   6   6
 -0.3237080905415569E-05  10   5   7   1
 -0.2342122759376499E-04  10   5   7   2
 -0.1724223762464572E-03  10   5   7   3
  0.1827318786886746E-04  10   5   7   4
  0.5628975635650158E-04  10   5   7   5
  0.5188442960658747E-04  10   5   7   6
 -0.7403691791297845E-03  10   5   7   7
  0.4605117327031589E-04  10   5   8   1
  0.2025973566656798E-05  10   5   8   2
  0.4188871597497819E-03  10   5   8   3
 -0.6299949474042955E-03  10   5   8   4
 -0.6910488218635474E-04  10   5   8   5
 -0.1724651634978087E-03  10   5   8   6
  0.1176550296583133E-03  10   5   8   7
 -0.3210633233047561E-02  10   5   8   8
  0.2323587655036226E-04  10   5   9   1
  0.8312653963942130E-04  10   5   9   2
 -0.6298261679501556E-03  10   5   9   3
  0.3051632053182573E-03  10   5   9   4
 -0.6522289414541835E-03  10   5   9   5
  0.1832010880211138E-04  10   5   9   6
 -0.2890085000394990E-03  10   5   9   7
 -0.4462834668740809E-04  10   5   9   8
 -0.1025648941673650E-02  10   5   9   9
  0.2222528601727501E-04  10   5  10   1
 -0.1780107390227597E-04  10   5  10   2
 -0.6919359512898694E-04  10   5  10   3
 -0.6516719184207667E-03  10   5  10   4
  0.6303954888514825E-02  10   5  10   5
  0.1987911371601732E-02  10   6   1   1
 -0.8316719771865973E-04  10   6   2   1
  0.1069577636832904E-02  10   6   2   2
  0.9909865302847051E-05  10   6   3   1
 -0.4352833483302404E-05  10   6   3   2
  0.4351735830734550E-03  10   6   3   3
 -0.1546966335964147E-04  10   6   4   1
 -0.6759672313979466E-05  10   6   4   2
  0.2939302473545607E-05  10   6   4   3
 -0.7852309182482997E-03  10   6   4   4
 -0.4392539637682102E-05  10   6   5   1
 -0.4458217128962714E-05  10   6   5   2
 -0.8181971688045464E-05  10   6   5   3
 -0.6603587390715220E-04  10   6   5   4
  0.2546899913345610E-03  10   6   5   5
  0.4992681400933333E-03  10   6   6   1
  0.7771183633322558E-04  10   6   6   2
 -0.4637522397862132E-04  10   6   6   3
  0.2616241683891784E-03  10   6   6   4
  0.6575132517696233E-04  10   6   6   5
  0.3945733084878189E-02  10   6   6   6
  0.8748185675184271E-06  10   6   7   1
  0.6222950875838413E-04  10   6   7   2
 -0.7317778091160459E-04  10   6   7   3
 -0.5360717197919417E-05  10   6   7   4
  0.1573053618263973E-04  10   6   7   5
 -0.1149969798793102E-04  10   6   7   6
  0.6920368249312517E-03  10   6   7   7
  0.2585840863344118E-04  10   6   8   1
  0.1778245479107096E-04  10   6   8   2
 -0.3827343976545709E-04  10   6   8   3
 -0.2691913332063875E-03  10   6   8   4
 -0.2035168271085335E-04  10   6   8   5
 -0.4155885653122180E-03  10   6   8   6
  0.1789639814607938E-04  10   6   8   7
  0.9083587551041609E-03  10   6   8   8
  0.5266045669396636E-06  10   6   9   1
  0.6833853807768421E-05  10   6   9   2
 -0.7269681885085050E-04  10   6   9   3
 -0.2071874769088017E-04  10   6   9   4
  0.6328832393120171E-04  10   6   9   5
  0.5261256347114269E-04  10   6   9   6
  0.1383825760572722E-04  10   6   9   7
  0.2770086126038352E-04  10   6   9   8
  0.4313006611103273E-04  10   6   9   9
 -0.2759023748428539E-04  10   6  10   1
 -0.5155946403313506E-05  10   6  10   2
 -0.4014184840823131E-04  10   6  10   3
 -0.8044881338848794E-04  10   6  10   4
  0.5624664394691082E-04  10   6  10   5
  0.1895124536026180E-03  10   6  10   6
  0.4767693478377534E-03  10   7   1   1
 -0.2323439341625459E-04  10   7   2   1
  0.7629495983499893E-03  10   7   2   2
  0.1956900413398816E-05  10   7   3   1
  0.2231652050420769E-04  10   7   3   2
  0.1491482542506792E-02  10   7   3   3
  0.5258880243710573E-06  10   7   4   1
 -0.4347592770320326E-05  10   7   4   2
  0.1506545989395643E-04  10   7   4   3
  0.1862917374065322E-03  10   7   4   4
 -0.1426518499971770E-05  10   7   5   1
  0.4195779272335015E-05  10   7   5   2
 -0.2943446011672787E-05  10   7   5   3
  0.3963099333702530E-04  10   7   5   4
  0.1656215017678950E-03  10   7   5   5
  0.2426755773683149E-04  10   7   6   1
 -0.1358387114570179E-05  10   7   6   2
 -0.6545058938422474E-05  10   7   6   3
  0.3163119079583711E-04  10   7   6   4
  0.5817780004881543E-05  10   7   6   5
  0.4990466936976948E-03  10   7   6   6
  0.1729554256753429E-04  10   7   7   1
  0.1352898616316109E-03  10   7   7   2
 -0.2550211286420791E-03  10   7   7   3
  0.3553649250512201E-04  10   7   7   4
  0.6576199022030623E-04  10   7   7   5
 -0.6692988469775185E-05  10   7   7   6
  0.2399359793890516E-02  10   7   7   7
 -0.3791304117214394E-05  10   7   8   1
  0.7242295558664646E-05  10   7   8   2
 -0.2745507791001331E-04  10   7   8   3
  0.6647007910572293E-04  10   7   8   4
  0.8046535556825217E-06  10   7   8   5
 -0.1060969797378542E-04  10   7   8   6
 -0.6776751051582276E-04  10   7   8   7
  0.9660135136272454E-03  10   7   8   8
 -0.5892960225456579E-05  10   7   9   1
 -0.6749303079049151E-05  10   7   9   2
 -0.1895629040023602E-04  10   7   9   3
 -0.8115217747360500E-05  10   7   9   4
 -0.1003060874231660E-03  10   7   9   5
  0.2161625985352047E-05  10   7   9   6
  0.1403858471110633E-03  10   7   9   7
  0.1096313398389842E-04  10   7   9   8
  0.5089834246722949E-03  10   7   9   9
  0.1330610134828502E-04  10   7  10   1
 -0.1917266819625799E-05  10   7  10   2
  0.2018827840251387E-04  10   7  10   3
 -0.7414790188312272E-05  10   7  10   4
  0.1621232118036917E-04  10   7  10   5
 -0.1414873908394658E-04  10   7  10   6
  0.5359117583078747E-04  10   7  10   7
 -0.5683701633800981E-03  10   8   1   1
  0.4606192186664058E-04  10   8   2   1
 -0.7292878345298422E-03  10   8   2   2
  0.1440013552859015E-04  10   8   3   1
 -0.4135690380685075E-06  10   8   3   2
 -0.1669408589561156E-02  10   8   3   3
 -0.2589470285798090E-04  10   8   4   1
 -0.2232641872174670E-04  10   8   4   2
  0.8150153418066551E-04  10   8   4   3
  0.5350640998674031E-02  10   8   4   4
  0.2505640029968949E-05  10   8   5   1
 -0.1435027860577908E-05  10   8   5   2
  0.2339087306556657E-04  10   8   5   3
 -0.9713729633921604E-04  10   8   5   4
 -0.1090129439745943E-02  10   8   5   5
 -0.1974574365714910E-03  10   8   6   1
 -0.2672796988319865E-04  10   8   6   2
 -0.1870498806409197E-04  10   8   6   3
 -0.7575442925352002E-04  10   8   6   4
 -0.2948222561691759E-05  10   8   6   5
 -0.8633927257376998E-04  10   8   6   6
  0.5348112542355471E-06  10   8   7   1
 -0.4017472800416029E-04  10   8   7   2
  0.5652393675355965E-04  10   8   7   3
  0.4868607018896419E-04  10   8   7   4
 -0.8182529430655157E-05  10   8   7   5
  0.2178710846011514E-04  10   8   7   6
 -0.1076879851612162E-02  10   8   7   7
  0.5584696265331598E-04  10   8   8   1
 -0.4475365194514633E-04  10   8   8   2
  0.4967265097203004E-03  10   8   8   3
  0.6216910066696706E-03  10   8   8   4
  0.4154384661317215E-04  10   8   8   5
  0.6311185549518507E-04  10   8   8   6
  0.9457692755510634E-04  10   8   8   7
  0.8130570420606117E-03  10   8   8   8
  0.3790484701868505E-05  10   8   9   1
  0.4325492855987667E-05  10   8   9   2
 -0.3143485864045333E-05  10   8   9   3
  0.3540226789236728E-04  10   8   9   4
  0.1595270328691149E-04  10   8   9   5
  0.5364358325234723E-05  10   8   9   6
 -0.4638156270108756E-04  10   8   9   7
 -0.1018116106134784E-03  10   8   9   8
 -0.9341346778455734E-03  10   8   9   9
  0.8718556168825479E-05  10   8  10   1
 -0.3081352473996496E-05  10   8  10   2
  0.3174366355297622E-04  10   8  10   3
 -0.5695756623552103E-03  10   8  10   4
  0.4201313307601611E-03  10   8  10   5
 -0.1087105109989235E-04  10   8  10   6
 -0.1056819444154541E-04  10   8  10   7
  0.3576034524619364E-03  10   8  10   8
  0.4890548977700846E-03  10   9   1   1
  0.3237754751464570E-05  10   9   2   1
  0.6287888082901280E-03  10   9   2   2
  0.3388182444469711E-05  10   9   3   1
  0.2673371293747138E-04  10   9   3   2
  0.9993159759600712E-03  10   9   3   3
  0.8667134057503966E-06  10   9   4   1
 -0.1348736896799719E-05  10   9   4   2
 -0.2372583427770290E-04  10   9   4   3
  0.1348337366434846E-02  10   9   4   4
  0.2986765922923919E-05  10   9   5   1
  0.3774516948256397E-04  10   9   5   2
 -0.9711006452855561E-04  10   9   5   3
  0.5897211165605768E-04  10   9   5   4
 -0.6591491741256692E-02  10   9   5   5
  0.1162440169308500E-05  10   9   6   1
 -0.4116645318213253E-05  10   9   6   2
  0.3660952849890477E-05  10   9   6   3
 -0.1122290395353368E-04  10   9   6   4
  0.3966156296750436E-04  10   9   6   5
  0.6491314511577782E-03  10   9   6   6
 -0.3457978621823610E-05  10   9   7   1
 -0.5541539523475341E-05  10   9   7   2
 -0.1033493869619676E-03  10   9   7   3
  0.6998208533572500E-05  10   9   7   4
 -0.6603898372352117E-04  10   9   7   5
  0.3061526297061308E-05  10   9   7   6
  0.1164890005735829E-02  10   9   7   7
 -0.5350561144515601E-06  10   9   8   1
  0.4204002742557982E-05  10   9   8   2
  0.2828023839696213E-04  10   9   8   3
 -0.3390890255332058E-04  10   9   8   4
  0.4625370185184268E-04  10   9   8   5
  0.4524908872741932E-05  10   9   8   6
 -0.2007034020716585E-04  10   9   8   7
  0.6934324679407659E-03  10   9   8   8
  0.1730299609243814E-04  10   9   9   1
  0.7769680207771819E-04  10   9   9   2
  0.2841261521013652E-03  10   9   9   3
  0.5508758523380044E-04  10   9   9   4
  0.7887229739906335E-03  10   9   9   5
 -0.1821179867011512E-05  10   9   9   6
 -0.4692009785749239E-04  10   9   9   7
  0.6937760913380001E-04  10   9   9   8
 -0.2776393398631065E-02  10   9   9   9
  0.1506407821915940E-04  10   9  10   1
 -0.8200422880779275E-06  10   9  10   2
 -0.5066309281924353E-04  10   9  10   3
 -0.4347382610085398E-03  10   9  10   4
  0.6355607166166801E-03  10   9  10   5
  0.7673491722653520E-06  10   9  10   6
 -0.4164595478671332E-06  10   9  10   7
  0.8355364065380621E-04  10   9  10   8
  0.3976816305412481E-03  10   9  10   9
  0.1051976209964876E+00  10  10   1   1
 -0.5747135526066975E-03  10  10   2   1
  0.1005011661434834E+00  10  10   2   2
 -0.6357252809847946E-04  10  10   3   1
 -0.7288552704541569E-03  10  10   3   2
  0.1736486617691781E+00  10  10   3   3
 -0.1987765400473802E-02  10  10   4   1
 -0.7629988235186205E-03  10  10   4   2
 -0.8510847608329680E-03  10  10   4   3
  0.3012851551165308E+00  10  10   4   4
 -0.9626422693866511E-04  10  10   5   1
 -0.3894829649556937E-03  10  10   5   2
 -0.1090971467836340E-02  10  10   5   3
 -0.6588971269680277E-02  10  10   5   4
  0.2956966269708457E+00  10  10   5   5
 -0.5849502870618785E-03  10  10   6   1
 -0.6291194393754276E-03  10  10   6   2
 -0.1922085655649049E-02  10  10   6   3
  0.2810029171044101E-02  10  10   6   4
  0.1652906879496430E-03  10  10   6   5
  0.1364182870536495E+00  10  10   6   6
 -0.4890820513263460E-03  10  10   7   1
  0.2623537857589439E-03  10  10   7   2
  0.1870751746661570E-02  10  10   7   3
  0.3149766650847024E-03  10  10   7   4
  0.2546620460454111E-03  10  10   7   5
 -0.4826939900182251E-03  10  10   7   6
  0.1192731575722122E+00  10  10   7   7
 -0.5681621680306628E-03  10  10   8   1
 -0.5697194869996643E-03  10  10   8   2
 -0.1951197951842627E-02  10  10   8   3
  0.3013455431997270E-02  10  10   8   4
  0.1332730603852334E-02  10  10   8   5
  0.2237981159081359E-02  10  10   8   6
 -0.1221003534631752E-02  10  10   8   7
  0.1993350248160053E+00  10  10   8   8
 -0.4768464890270545E-03  10  10   9   1
 -0.1069037996864522E-02  10  10   9   2
  0.3743985389949786E-02  10  10   9   3
 -0.1833624007765206E-02  10  10   9   4
 -0.2397551795052993E-02  10  10   9   5
  0.1568870299437182E-03  10  10   9   6
  0.2788899035366043E-02  10  10   9   7
 -0.6235349766020876E-03  10  10   9   8
  0.1931290631030166E+00  10  10   9   9
 -0.1281935759981946E-02  10  10  10   1
 -0.1247038411455340E-03  10  10  10   2
 -0.1915753835090954E-02  10  10  10   3
 -0.1736295823373787E-01  10  10  10   4
 -0.1315638166973682E-01  10  10  10   5
  0.1895311559977957E-02  10  10  10   6
 -0.1573133194235529E-02  10  10  10   7
  0.2400757258833760E-02  10  10  10   8
 -0.1365094555579118E-02  10  10  10   9
  0.5215428289510045E+00  10  10  10  10
 -0.1999118543794214E+01   1   1   0   0
  0.1525692090970838E+00   2   1   0   0
 -0.1999136102202301E+01   2   2   0   0
 -0.1181882921929135E-01   3   1   0   0
 -0.6996640869979170E-02   3   2   0   0
 -0.2449174587845746E+01   3   3   0   0
  0.4270771928323522E-02   4   1   0   0
  0.7433194451967440E-02   4   2   0   0
 -0.2469236254973739E-01   4   3   0   0
 -0.2116435048798782E+01   4   4   0   0
  0.1481409377066187E-03   5   1   0   0
 -0.3692671420687041E-02   5   2   0   0
 -0.7012867328018396E-02   5   3   0   0
  0.1221769890678397E-01   5   4   0   0
 -0.1999147857245552E+01   5   5   0   0
 -0.1662957769195049E+00   6   1   0   0
 -0.1222369334243673E-01   6   2   0   0
  0.2469527349265666E-01   6   3   0   0
 -0.4434671919064540E-01   6   4   0   0
 -0.7432670242285293E-02   6   5   0   0
 -0.2116394272085107E+01   6   6   0   0
 -0.1223486044484817E-01   7   1   0   0
 -0.1662702983025243E+00   7   2   0   0
  0.1445546424026158E+00   7   3   0   0
 -0.6280015545098223E-02   7   4   0   0
 -0.4274490478303444E-02   7   5   0   0
  0.1967701141529150E-01   7   6   0   0
 -0.2116369673476384E+01   7   7   0   0
 -0.7001622775326399E-02   8   1   0   0
 -0.1181806042771166E-01   8   2   0   0
  0.1541404744594496E+00   8   3   0   0
 -0.1445567038556685E+00   8   4   0   0
 -0.1182002731624532E-01   8   5   0   0
  0.1445449108868943E+00   8   6   0   0
  0.2469397365893261E-01   8   7   0   0
 -0.2449183623632911E+01   8   8   0   0
  0.7432335878258655E-02   9   1   0   0
  0.4270405715076829E-02   9   2   0   0
 -0.1445835017254370E+00   9   3   0   0
  0.1968194874288472E-01   9   4   0   0
  0.1662989326364570E+00   9   5   0   0
 -0.6280062760476345E-02   9   6   0   0
 -0.4436007440991718E-01   9   7   0   0
 -0.2468809580323511E-01   9   8   0   0
 -0.2116449064993385E+01   9   9   0   0
 -0.3693568636623422E-02  10   1   0   0
  0.1478720946777781E-03  10   2   0   0
 -0.1181866904382932E-01  10   3   0   0
  0.1662895803643227E+00  10   4   0   0
  0.1525721530249509E+00  10   5   0   0
 -0.4273595046711813E-02  10   6   0   0
 -0.7431262126363053E-02  10   7   0   0
 -0.7011535871500552E-02  10   8   0   0
  0.1223236310354359E-01  10   9   0   0
 -0.1999105048859411E+01  10  10   0   0
 -0.3696880647575372E+03   0   0   0   0
